
  Information Relative to the Equations Numbers 
      NODE       X       Y       Z    Alfa    Beta   Gamma  Orig
  200000-1000001       1-1000002-1000003-1000004       2       1       1
  200001       3       4       5       6       7       8       2       2
  200002       9      10      11      12      13      14       3       3
  200003      15      16      17      18      19      20       4       4
  200004      21      22      23      24      25      26       5       5
  200005      27-1000005      28      29      30      31       6       6
  200006      32      33      34      35      36      37       7       7
  200007      38      39      40      41      42      43       8       8
  200008      44      45      46      47      48      49       9       9
  200009      50      51      52      53      54      55      10      10
  200010-1000006      56-1000007-1000008-1000009      57      11      11
  200200       0       0       0       0       0       0      12      12
  200201       0       0       0       0       0       0      13      13
  200202       0       0       0       0       0       0      14      14
  200203       0       0       0       0       0       0      15      15
  200204       0       0       0       0       0       0      16      16
  200205       0       0       0       0       0       0      17      17
  200206       0       0       0       0       0       0      18      18
  200207       0       0       0       0       0       0      19      19
  200208       0       0       0       0       0       0      20      20
  200209       0       0       0       0       0       0      21      21
  200210       0       0       0       0       0       0      22      22

Total Mass of the System (Without Point Masses):  0.1640900E+06


  Lumped Mass Matrix
 Node      X           Y           z          RX          RY          RZ
*****  0.8204E+04  0.8204E+04  0.8204E+04  0.2869E+07  0.2124E+07  0.7447E+06
*****  0.1641E+05  0.1641E+05  0.1641E+05  0.5738E+07  0.4248E+07  0.1489E+07
*****  0.1641E+05  0.1641E+05  0.1641E+05  0.5738E+07  0.4248E+07  0.1489E+07
*****  0.1641E+05  0.1641E+05  0.1641E+05  0.5738E+07  0.4248E+07  0.1489E+07
*****  0.1641E+05  0.1641E+05  0.1641E+05  0.5738E+07  0.4248E+07  0.1489E+07
*****  0.1641E+05  0.1641E+05  0.1641E+05  0.5738E+07  0.4248E+07  0.1489E+07
*****  0.1641E+05  0.1641E+05  0.1641E+05  0.5738E+07  0.4248E+07  0.1489E+07
*****  0.1641E+05  0.1641E+05  0.1641E+05  0.5738E+07  0.4248E+07  0.1489E+07
*****  0.1641E+05  0.1641E+05  0.1641E+05  0.5738E+07  0.4248E+07  0.1489E+07
*****  0.1641E+05  0.1641E+05  0.1641E+05  0.5738E+07  0.4248E+07  0.1489E+07
*****  0.8204E+04  0.8204E+04  0.8204E+04  0.2869E+07  0.2124E+07  0.7447E+06
*****  0.0000E+00  0.0000E+00  0.0000E+00  0.0000E+00  0.0000E+00  0.0000E+00
*****  0.0000E+00  0.0000E+00  0.0000E+00  0.0000E+00  0.0000E+00  0.0000E+00
*****  0.0000E+00  0.0000E+00  0.0000E+00  0.0000E+00  0.0000E+00  0.0000E+00
*****  0.0000E+00  0.0000E+00  0.0000E+00  0.0000E+00  0.0000E+00  0.0000E+00
*****  0.0000E+00  0.0000E+00  0.0000E+00  0.0000E+00  0.0000E+00  0.0000E+00
*****  0.0000E+00  0.0000E+00  0.0000E+00  0.0000E+00  0.0000E+00  0.0000E+00
*****  0.0000E+00  0.0000E+00  0.0000E+00  0.0000E+00  0.0000E+00  0.0000E+00
*****  0.0000E+00  0.0000E+00  0.0000E+00  0.0000E+00  0.0000E+00  0.0000E+00
*****  0.0000E+00  0.0000E+00  0.0000E+00  0.0000E+00  0.0000E+00  0.0000E+00
*****  0.0000E+00  0.0000E+00  0.0000E+00  0.0000E+00  0.0000E+00  0.0000E+00
*****  0.0000E+00  0.0000E+00  0.0000E+00  0.0000E+00  0.0000E+00  0.0000E+00

 linear dynamic eigen-mode analysis  
Order   1  natural freq    0.880341E+00 Period    0.713722E+01


 eigenvector components 

   node       DOF-1       DOF-2       DOF-3  
 200000       0.00000E+00    0.39699E-31    0.00000E+00    0.00000E+00    0.00000E+00   -0.17991E-04
 200001       0.62405E-19   -0.53526E-31    0.10775E-02   -0.97192E-22   -0.11556E-21   -0.20E-04
 200002       0.11347E-18    0.34808E-31    0.20496E-02   -0.10171E-21   -0.16010E-21   -0.14555E-04
 200003       0.15139E-18   -0.30607E-31    0.28210E-02   -0.31443E-22   -0.14398E-21   -0.10575E-04
 200004       0.17475E-18    0.13710E-31    0.33163E-02    0.86335E-22   -0.83645E-22   -0.55594E-05
 200005       0.18264E-18    0.00000E+00    0.34870E-02    0.21825E-21    0.66617E-32    0.34150E-19
 200006       0.17475E-18    0.76493E-31    0.33163E-02    0.32880E-21    0.83645E-22    0.55594E-05
 200007       0.15139E-18    0.94676E-31    0.28210E-02    0.38457E-21    0.14398E-21    0.10575E-04
 200008       0.11347E-18    0.36178E-31    0.20496E-02    0.35828E-21    0.16010E-21    0.14555E-04
 200009       0.62405E-19   -0.41876E-31    0.10775E-02    0.23208E-21    0.11556E-21    0.17110E-04
 200010       0.00000E+00   -0.81826E-31    0.00000E+00    0.00000E+00    0.00000E+00    0.17991E-04


 linear dynamic eigen-mode analysis  
Order   1  natural freq    0.880341E+00 Period    0.713722E+01


 eigenvector components 

   node       DOF-1       DOF-2       DOF-3  
 200000       0.00000E+00    0.39699E-31    0.00000E+00    0.00000E+00    0.00000E+00   -0.17991E-04
 200001       0.62405E-19   -0.53526E-31    0.10775E-02   -0.97192E-22   -0.11556E-21   -0.20E-04
 200002       0.11347E-18    0.34808E-31    0.20496E-02   -0.10171E-21   -0.16010E-21   -0.14555E-04
 200003       0.15139E-18   -0.30607E-31    0.28210E-02   -0.31443E-22   -0.14398E-21   -0.10575E-04
 200004       0.17475E-18    0.13710E-31    0.33163E-02    0.86335E-22   -0.83645E-22   -0.55594E-05
 200005       0.18264E-18    0.00000E+00    0.34870E-02    0.21825E-21    0.66617E-32    0.34150E-19
 200006       0.17475E-18    0.76493E-31    0.33163E-02    0.32880E-21    0.83645E-22    0.55594E-05
 200007       0.15139E-18    0.94676E-31    0.28210E-02    0.38457E-21    0.14398E-21    0.10575E-04
 200008       0.11347E-18    0.36178E-31    0.20496E-02    0.35828E-21    0.16010E-21    0.14555E-04
 200009       0.62405E-19   -0.41876E-31    0.10775E-02    0.23208E-21    0.11556E-21    0.17110E-04
 200010       0.00000E+00   -0.81826E-31    0.00000E+00    0.00000E+00    0.00000E+00    0.17991E-04

 
